Area in Square feet(x)
7420,8960,9960,7500,7420,7500,8580,16200,8100,5750,13200,6000,6550,3500,
7800,6000,6600,8500,4600,6420,4320,7155,8050,4560,8800,
6540,6000,8875,7950,5500,7475,7000,4880,5960,6840,7000,7482,9000,
6000,6000,6550,6360,6480,6000,6000,6000,6000,6600,4300,
7440,7440,6325,6000,5150,6000,6000,11440,9000,7680,6000,6000,8880,6240,6360,
11175,8880,13200,7700,6000,12090,4000,6000,5020,6600,4040,4260,6420,6500,5700




Price(y in $)
13300000,12250000,12250000,12215000,11410000,10850000,10150000,10150000,9870000,
9800000,9800000,9681000,9310000,9240000,9240000,9100000,9100000,8960000,
8890000,8855000,8750000,8680000,8645000,8645000,8575000,8540000,
8463000,8400000,8400000,8400000,8400000,8400000,8295000,8190000,
8120000,8080940,8043000,7980000,7962500,7910000,
7875000,7840000,7700000,7700000,7560000,7560000,7525000,7490000,
7455000,7420000,7420000,7420000,7350000,7350000,7350000,7350000,
7343000,7245000,7210000,7210000,7140000,7070000,7070000,7035000,
7000000,6930000,6930000,6895000,6860000,6790000,6790000,6755000,
6720000,6685000,6650000,6650000,6650000,6650000,6650000